Iris-setosa: -1(0.11050000000000182,5.008333333333333)-2(0.16882539682540026,3.444444444444444)-3(3.437301587301736e-2,1.4638888888888884)-4(9.968253968253979e-3,0.2444444444444444)
Iris-versicolor: -1(0.2617884615384728,5.9224999999999985)-2(0.10250641025640725,2.7575000000000007)-3(0.1994294871794864,4.257499999999999)-4(3.173717948717963e-2,1.3174999999999997)
Iris-virginica: -1(0.3754871794872088,6.5699999999999985)-2(8.9737179487184e-2,2.9724999999999993)-3(0.28971794871794815,5.505)-4(7.471153846153683e-2,2.0374999999999996)
